{
 "cells": [
  {
   "cell_type": "code",
   "execution_count": 1,
   "id": "a77ab985",
   "metadata": {},
   "outputs": [],
   "source": [
    "import pandas as pd\n",
    "import numpy as np\n",
    "import matplotlib.pyplot as plt\n",
    "import statistics, math"
   ]
  },
  {
   "cell_type": "code",
   "execution_count": 14,
   "id": "cd6ea372",
   "metadata": {},
   "outputs": [
    {
     "data": {
      "text/html": [
       "<div>\n",
       "<style scoped>\n",
       "    .dataframe tbody tr th:only-of-type {\n",
       "        vertical-align: middle;\n",
       "    }\n",
       "\n",
       "    .dataframe tbody tr th {\n",
       "        vertical-align: top;\n",
       "    }\n",
       "\n",
       "    .dataframe thead th {\n",
       "        text-align: right;\n",
       "    }\n",
       "</style>\n",
       "<table border=\"1\" class=\"dataframe\">\n",
       "  <thead>\n",
       "    <tr style=\"text-align: right;\">\n",
       "      <th></th>\n",
       "      <th>day</th>\n",
       "      <th>timestamp</th>\n",
       "      <th>product</th>\n",
       "      <th>bid_price_1</th>\n",
       "      <th>bid_volume_1</th>\n",
       "      <th>bid_price_2</th>\n",
       "      <th>bid_volume_2</th>\n",
       "      <th>bid_price_3</th>\n",
       "      <th>bid_volume_3</th>\n",
       "      <th>ask_price_1</th>\n",
       "      <th>ask_volume_1</th>\n",
       "      <th>ask_price_2</th>\n",
       "      <th>ask_volume_2</th>\n",
       "      <th>ask_price_3</th>\n",
       "      <th>ask_volume_3</th>\n",
       "      <th>mid_price</th>\n",
       "      <th>profit_and_loss</th>\n",
       "    </tr>\n",
       "  </thead>\n",
       "  <tbody>\n",
       "    <tr>\n",
       "      <th>0</th>\n",
       "      <td>0</td>\n",
       "      <td>5.0000</td>\n",
       "      <td>VOLCANIC_ROCK_VOUCHER_10500</td>\n",
       "      <td>99.0</td>\n",
       "      <td>19.0</td>\n",
       "      <td>NaN</td>\n",
       "      <td>NaN</td>\n",
       "      <td>NaN</td>\n",
       "      <td>NaN</td>\n",
       "      <td>100</td>\n",
       "      <td>19</td>\n",
       "      <td>NaN</td>\n",
       "      <td>NaN</td>\n",
       "      <td>NaN</td>\n",
       "      <td>NaN</td>\n",
       "      <td>99.5</td>\n",
       "      <td>0.0</td>\n",
       "    </tr>\n",
       "    <tr>\n",
       "      <th>4</th>\n",
       "      <td>0</td>\n",
       "      <td>5.0000</td>\n",
       "      <td>VOLCANIC_ROCK_VOUCHER_10000</td>\n",
       "      <td>505.0</td>\n",
       "      <td>19.0</td>\n",
       "      <td>NaN</td>\n",
       "      <td>NaN</td>\n",
       "      <td>NaN</td>\n",
       "      <td>NaN</td>\n",
       "      <td>506</td>\n",
       "      <td>19</td>\n",
       "      <td>NaN</td>\n",
       "      <td>NaN</td>\n",
       "      <td>NaN</td>\n",
       "      <td>NaN</td>\n",
       "      <td>505.5</td>\n",
       "      <td>0.0</td>\n",
       "    </tr>\n",
       "    <tr>\n",
       "      <th>6</th>\n",
       "      <td>0</td>\n",
       "      <td>5.0000</td>\n",
       "      <td>VOLCANIC_ROCK_VOUCHER_9750</td>\n",
       "      <td>754.0</td>\n",
       "      <td>19.0</td>\n",
       "      <td>NaN</td>\n",
       "      <td>NaN</td>\n",
       "      <td>NaN</td>\n",
       "      <td>NaN</td>\n",
       "      <td>755</td>\n",
       "      <td>19</td>\n",
       "      <td>NaN</td>\n",
       "      <td>NaN</td>\n",
       "      <td>NaN</td>\n",
       "      <td>NaN</td>\n",
       "      <td>754.5</td>\n",
       "      <td>0.0</td>\n",
       "    </tr>\n",
       "    <tr>\n",
       "      <th>9</th>\n",
       "      <td>0</td>\n",
       "      <td>5.0000</td>\n",
       "      <td>VOLCANIC_ROCK_VOUCHER_9500</td>\n",
       "      <td>1003.0</td>\n",
       "      <td>19.0</td>\n",
       "      <td>NaN</td>\n",
       "      <td>NaN</td>\n",
       "      <td>NaN</td>\n",
       "      <td>NaN</td>\n",
       "      <td>1004</td>\n",
       "      <td>19</td>\n",
       "      <td>NaN</td>\n",
       "      <td>NaN</td>\n",
       "      <td>NaN</td>\n",
       "      <td>NaN</td>\n",
       "      <td>1003.5</td>\n",
       "      <td>0.0</td>\n",
       "    </tr>\n",
       "    <tr>\n",
       "      <th>11</th>\n",
       "      <td>0</td>\n",
       "      <td>5.0000</td>\n",
       "      <td>VOLCANIC_ROCK_VOUCHER_10250</td>\n",
       "      <td>273.0</td>\n",
       "      <td>19.0</td>\n",
       "      <td>NaN</td>\n",
       "      <td>NaN</td>\n",
       "      <td>NaN</td>\n",
       "      <td>NaN</td>\n",
       "      <td>274</td>\n",
       "      <td>19</td>\n",
       "      <td>NaN</td>\n",
       "      <td>NaN</td>\n",
       "      <td>NaN</td>\n",
       "      <td>NaN</td>\n",
       "      <td>273.5</td>\n",
       "      <td>0.0</td>\n",
       "    </tr>\n",
       "    <tr>\n",
       "      <th>...</th>\n",
       "      <td>...</td>\n",
       "      <td>...</td>\n",
       "      <td>...</td>\n",
       "      <td>...</td>\n",
       "      <td>...</td>\n",
       "      <td>...</td>\n",
       "      <td>...</td>\n",
       "      <td>...</td>\n",
       "      <td>...</td>\n",
       "      <td>...</td>\n",
       "      <td>...</td>\n",
       "      <td>...</td>\n",
       "      <td>...</td>\n",
       "      <td>...</td>\n",
       "      <td>...</td>\n",
       "      <td>...</td>\n",
       "      <td>...</td>\n",
       "    </tr>\n",
       "    <tr>\n",
       "      <th>139988</th>\n",
       "      <td>0</td>\n",
       "      <td>4.0001</td>\n",
       "      <td>VOLCANIC_ROCK_VOUCHER_9750</td>\n",
       "      <td>764.0</td>\n",
       "      <td>7.0</td>\n",
       "      <td>NaN</td>\n",
       "      <td>NaN</td>\n",
       "      <td>NaN</td>\n",
       "      <td>NaN</td>\n",
       "      <td>765</td>\n",
       "      <td>18</td>\n",
       "      <td>NaN</td>\n",
       "      <td>NaN</td>\n",
       "      <td>NaN</td>\n",
       "      <td>NaN</td>\n",
       "      <td>764.5</td>\n",
       "      <td>0.0</td>\n",
       "    </tr>\n",
       "    <tr>\n",
       "      <th>139992</th>\n",
       "      <td>0</td>\n",
       "      <td>4.0001</td>\n",
       "      <td>VOLCANIC_ROCK_VOUCHER_10500</td>\n",
       "      <td>94.0</td>\n",
       "      <td>7.0</td>\n",
       "      <td>NaN</td>\n",
       "      <td>NaN</td>\n",
       "      <td>NaN</td>\n",
       "      <td>NaN</td>\n",
       "      <td>95</td>\n",
       "      <td>18</td>\n",
       "      <td>NaN</td>\n",
       "      <td>NaN</td>\n",
       "      <td>NaN</td>\n",
       "      <td>NaN</td>\n",
       "      <td>94.5</td>\n",
       "      <td>0.0</td>\n",
       "    </tr>\n",
       "    <tr>\n",
       "      <th>139994</th>\n",
       "      <td>0</td>\n",
       "      <td>4.0001</td>\n",
       "      <td>VOLCANIC_ROCK</td>\n",
       "      <td>10513.0</td>\n",
       "      <td>126.0</td>\n",
       "      <td>10512.0</td>\n",
       "      <td>64.0</td>\n",
       "      <td>NaN</td>\n",
       "      <td>NaN</td>\n",
       "      <td>10515</td>\n",
       "      <td>190</td>\n",
       "      <td>NaN</td>\n",
       "      <td>NaN</td>\n",
       "      <td>NaN</td>\n",
       "      <td>NaN</td>\n",
       "      <td>10514.0</td>\n",
       "      <td>0.0</td>\n",
       "    </tr>\n",
       "    <tr>\n",
       "      <th>139995</th>\n",
       "      <td>0</td>\n",
       "      <td>4.0001</td>\n",
       "      <td>VOLCANIC_ROCK_VOUCHER_10250</td>\n",
       "      <td>277.0</td>\n",
       "      <td>7.0</td>\n",
       "      <td>NaN</td>\n",
       "      <td>NaN</td>\n",
       "      <td>NaN</td>\n",
       "      <td>NaN</td>\n",
       "      <td>278</td>\n",
       "      <td>18</td>\n",
       "      <td>NaN</td>\n",
       "      <td>NaN</td>\n",
       "      <td>NaN</td>\n",
       "      <td>NaN</td>\n",
       "      <td>277.5</td>\n",
       "      <td>0.0</td>\n",
       "    </tr>\n",
       "    <tr>\n",
       "      <th>139997</th>\n",
       "      <td>0</td>\n",
       "      <td>4.0001</td>\n",
       "      <td>VOLCANIC_ROCK_VOUCHER_10000</td>\n",
       "      <td>515.0</td>\n",
       "      <td>7.0</td>\n",
       "      <td>NaN</td>\n",
       "      <td>NaN</td>\n",
       "      <td>NaN</td>\n",
       "      <td>NaN</td>\n",
       "      <td>517</td>\n",
       "      <td>18</td>\n",
       "      <td>NaN</td>\n",
       "      <td>NaN</td>\n",
       "      <td>NaN</td>\n",
       "      <td>NaN</td>\n",
       "      <td>516.0</td>\n",
       "      <td>0.0</td>\n",
       "    </tr>\n",
       "  </tbody>\n",
       "</table>\n",
       "<p>60000 rows × 17 columns</p>\n",
       "</div>"
      ],
      "text/plain": [
       "        day  timestamp                      product  bid_price_1  \\\n",
       "0         0     5.0000  VOLCANIC_ROCK_VOUCHER_10500         99.0   \n",
       "4         0     5.0000  VOLCANIC_ROCK_VOUCHER_10000        505.0   \n",
       "6         0     5.0000   VOLCANIC_ROCK_VOUCHER_9750        754.0   \n",
       "9         0     5.0000   VOLCANIC_ROCK_VOUCHER_9500       1003.0   \n",
       "11        0     5.0000  VOLCANIC_ROCK_VOUCHER_10250        273.0   \n",
       "...     ...        ...                          ...          ...   \n",
       "139988    0     4.0001   VOLCANIC_ROCK_VOUCHER_9750        764.0   \n",
       "139992    0     4.0001  VOLCANIC_ROCK_VOUCHER_10500         94.0   \n",
       "139994    0     4.0001                VOLCANIC_ROCK      10513.0   \n",
       "139995    0     4.0001  VOLCANIC_ROCK_VOUCHER_10250        277.0   \n",
       "139997    0     4.0001  VOLCANIC_ROCK_VOUCHER_10000        515.0   \n",
       "\n",
       "        bid_volume_1  bid_price_2  bid_volume_2  bid_price_3  bid_volume_3  \\\n",
       "0               19.0          NaN           NaN          NaN           NaN   \n",
       "4               19.0          NaN           NaN          NaN           NaN   \n",
       "6               19.0          NaN           NaN          NaN           NaN   \n",
       "9               19.0          NaN           NaN          NaN           NaN   \n",
       "11              19.0          NaN           NaN          NaN           NaN   \n",
       "...              ...          ...           ...          ...           ...   \n",
       "139988           7.0          NaN           NaN          NaN           NaN   \n",
       "139992           7.0          NaN           NaN          NaN           NaN   \n",
       "139994         126.0      10512.0          64.0          NaN           NaN   \n",
       "139995           7.0          NaN           NaN          NaN           NaN   \n",
       "139997           7.0          NaN           NaN          NaN           NaN   \n",
       "\n",
       "        ask_price_1  ask_volume_1  ask_price_2  ask_volume_2  ask_price_3  \\\n",
       "0               100            19          NaN           NaN          NaN   \n",
       "4               506            19          NaN           NaN          NaN   \n",
       "6               755            19          NaN           NaN          NaN   \n",
       "9              1004            19          NaN           NaN          NaN   \n",
       "11              274            19          NaN           NaN          NaN   \n",
       "...             ...           ...          ...           ...          ...   \n",
       "139988          765            18          NaN           NaN          NaN   \n",
       "139992           95            18          NaN           NaN          NaN   \n",
       "139994        10515           190          NaN           NaN          NaN   \n",
       "139995          278            18          NaN           NaN          NaN   \n",
       "139997          517            18          NaN           NaN          NaN   \n",
       "\n",
       "        ask_volume_3  mid_price  profit_and_loss  \n",
       "0                NaN       99.5              0.0  \n",
       "4                NaN      505.5              0.0  \n",
       "6                NaN      754.5              0.0  \n",
       "9                NaN     1003.5              0.0  \n",
       "11               NaN      273.5              0.0  \n",
       "...              ...        ...              ...  \n",
       "139988           NaN      764.5              0.0  \n",
       "139992           NaN       94.5              0.0  \n",
       "139994           NaN    10514.0              0.0  \n",
       "139995           NaN      277.5              0.0  \n",
       "139997           NaN      516.0              0.0  \n",
       "\n",
       "[60000 rows x 17 columns]"
      ]
     },
     "execution_count": 14,
     "metadata": {},
     "output_type": "execute_result"
    }
   ],
   "source": [
    "r3_df = pd.read_csv(\"..\\\\data\\\\round3\\\\prices_round_3_day_0.csv\", sep=';')\n",
    "# get all columns that start with \"VOLCANIC_ROCK\"\n",
    "rock_df = r3_df[r3_df['product'].str.startswith(\"VOLCANIC_ROCK\")].copy()\n",
    "\n",
    "def TTE(timestamp):\n",
    "    return 5 - timestamp/1000000\n",
    "\n",
    "rock_df[\"timestamp\"] = rock_df[\"timestamp\"].apply(TTE)\n",
    "rock_df\n"
   ]
  },
  {
   "cell_type": "code",
   "execution_count": null,
   "id": "044cd0f2",
   "metadata": {},
   "outputs": [
    {
     "data": {
      "text/html": [
       "<div>\n",
       "<style scoped>\n",
       "    .dataframe tbody tr th:only-of-type {\n",
       "        vertical-align: middle;\n",
       "    }\n",
       "\n",
       "    .dataframe tbody tr th {\n",
       "        vertical-align: top;\n",
       "    }\n",
       "\n",
       "    .dataframe thead th {\n",
       "        text-align: right;\n",
       "    }\n",
       "</style>\n",
       "<table border=\"1\" class=\"dataframe\">\n",
       "  <thead>\n",
       "    <tr style=\"text-align: right;\">\n",
       "      <th>product</th>\n",
       "      <th>VOLCANIC_ROCK</th>\n",
       "      <th>R_10000</th>\n",
       "      <th>R_10250</th>\n",
       "      <th>R_10500</th>\n",
       "      <th>R_9500</th>\n",
       "      <th>R_9750</th>\n",
       "    </tr>\n",
       "    <tr>\n",
       "      <th>timestamp</th>\n",
       "      <th></th>\n",
       "      <th></th>\n",
       "      <th></th>\n",
       "      <th></th>\n",
       "      <th></th>\n",
       "      <th></th>\n",
       "    </tr>\n",
       "  </thead>\n",
       "  <tbody>\n",
       "    <tr>\n",
       "      <th>4.0001</th>\n",
       "      <td>10514.0</td>\n",
       "      <td>516.0</td>\n",
       "      <td>277.5</td>\n",
       "      <td>94.5</td>\n",
       "      <td>1013.5</td>\n",
       "      <td>764.5</td>\n",
       "    </tr>\n",
       "    <tr>\n",
       "      <th>4.0002</th>\n",
       "      <td>10514.5</td>\n",
       "      <td>516.5</td>\n",
       "      <td>277.5</td>\n",
       "      <td>94.5</td>\n",
       "      <td>1014.5</td>\n",
       "      <td>764.5</td>\n",
       "    </tr>\n",
       "    <tr>\n",
       "      <th>4.0003</th>\n",
       "      <td>10513.5</td>\n",
       "      <td>515.5</td>\n",
       "      <td>276.5</td>\n",
       "      <td>93.5</td>\n",
       "      <td>1013.5</td>\n",
       "      <td>763.5</td>\n",
       "    </tr>\n",
       "    <tr>\n",
       "      <th>4.0004</th>\n",
       "      <td>10511.5</td>\n",
       "      <td>514.5</td>\n",
       "      <td>275.5</td>\n",
       "      <td>93.5</td>\n",
       "      <td>1012.5</td>\n",
       "      <td>762.5</td>\n",
       "    </tr>\n",
       "    <tr>\n",
       "      <th>4.0005</th>\n",
       "      <td>10514.5</td>\n",
       "      <td>515.5</td>\n",
       "      <td>277.5</td>\n",
       "      <td>94.5</td>\n",
       "      <td>1014.5</td>\n",
       "      <td>765.0</td>\n",
       "    </tr>\n",
       "    <tr>\n",
       "      <th>...</th>\n",
       "      <td>...</td>\n",
       "      <td>...</td>\n",
       "      <td>...</td>\n",
       "      <td>...</td>\n",
       "      <td>...</td>\n",
       "      <td>...</td>\n",
       "    </tr>\n",
       "    <tr>\n",
       "      <th>4.9996</th>\n",
       "      <td>10509.5</td>\n",
       "      <td>512.5</td>\n",
       "      <td>279.5</td>\n",
       "      <td>102.5</td>\n",
       "      <td>1010.0</td>\n",
       "      <td>760.5</td>\n",
       "    </tr>\n",
       "    <tr>\n",
       "      <th>4.9997</th>\n",
       "      <td>10517.5</td>\n",
       "      <td>521.5</td>\n",
       "      <td>285.5</td>\n",
       "      <td>106.5</td>\n",
       "      <td>1018.0</td>\n",
       "      <td>768.5</td>\n",
       "    </tr>\n",
       "    <tr>\n",
       "      <th>4.9998</th>\n",
       "      <td>10513.0</td>\n",
       "      <td>516.5</td>\n",
       "      <td>282.5</td>\n",
       "      <td>104.5</td>\n",
       "      <td>1013.5</td>\n",
       "      <td>764.5</td>\n",
       "    </tr>\n",
       "    <tr>\n",
       "      <th>4.9999</th>\n",
       "      <td>10510.0</td>\n",
       "      <td>515.5</td>\n",
       "      <td>279.5</td>\n",
       "      <td>102.5</td>\n",
       "      <td>1010.5</td>\n",
       "      <td>761.5</td>\n",
       "    </tr>\n",
       "    <tr>\n",
       "      <th>5.0000</th>\n",
       "      <td>10503.0</td>\n",
       "      <td>505.5</td>\n",
       "      <td>273.5</td>\n",
       "      <td>99.5</td>\n",
       "      <td>1003.5</td>\n",
       "      <td>754.5</td>\n",
       "    </tr>\n",
       "  </tbody>\n",
       "</table>\n",
       "<p>10000 rows × 6 columns</p>\n",
       "</div>"
      ],
      "text/plain": [
       "product    VOLCANIC_ROCK  R_10000  R_10250  R_10500  R_9500  R_9750\n",
       "timestamp                                                          \n",
       "4.0001           10514.0    516.0    277.5     94.5  1013.5   764.5\n",
       "4.0002           10514.5    516.5    277.5     94.5  1014.5   764.5\n",
       "4.0003           10513.5    515.5    276.5     93.5  1013.5   763.5\n",
       "4.0004           10511.5    514.5    275.5     93.5  1012.5   762.5\n",
       "4.0005           10514.5    515.5    277.5     94.5  1014.5   765.0\n",
       "...                  ...      ...      ...      ...     ...     ...\n",
       "4.9996           10509.5    512.5    279.5    102.5  1010.0   760.5\n",
       "4.9997           10517.5    521.5    285.5    106.5  1018.0   768.5\n",
       "4.9998           10513.0    516.5    282.5    104.5  1013.5   764.5\n",
       "4.9999           10510.0    515.5    279.5    102.5  1010.5   761.5\n",
       "5.0000           10503.0    505.5    273.5     99.5  1003.5   754.5\n",
       "\n",
       "[10000 rows x 6 columns]"
      ]
     },
     "execution_count": 15,
     "metadata": {},
     "output_type": "execute_result"
    }
   ],
   "source": [
    "pivot = rock_df.pivot(index='timestamp',\n",
    "                    columns='product',\n",
    "                    values='mid_price')\n",
    "pivot.columns = pivot.columns.str.replace('VOLCANIC_ROCK_VOUCHE', '') "
   ]
  },
  {
   "cell_type": "code",
   "execution_count": 16,
   "id": "c541ec73",
   "metadata": {},
   "outputs": [
    {
     "data": {
      "text/html": [
       "<div>\n",
       "<style scoped>\n",
       "    .dataframe tbody tr th:only-of-type {\n",
       "        vertical-align: middle;\n",
       "    }\n",
       "\n",
       "    .dataframe tbody tr th {\n",
       "        vertical-align: top;\n",
       "    }\n",
       "\n",
       "    .dataframe thead th {\n",
       "        text-align: right;\n",
       "    }\n",
       "</style>\n",
       "<table border=\"1\" class=\"dataframe\">\n",
       "  <thead>\n",
       "    <tr style=\"text-align: right;\">\n",
       "      <th>product</th>\n",
       "      <th>timestamp</th>\n",
       "      <th>VOLCANIC_ROCK</th>\n",
       "      <th>R_10000</th>\n",
       "      <th>R_10250</th>\n",
       "      <th>R_10500</th>\n",
       "      <th>R_9500</th>\n",
       "      <th>R_9750</th>\n",
       "    </tr>\n",
       "  </thead>\n",
       "  <tbody>\n",
       "    <tr>\n",
       "      <th>0</th>\n",
       "      <td>4.0001</td>\n",
       "      <td>10514.0</td>\n",
       "      <td>516.0</td>\n",
       "      <td>277.5</td>\n",
       "      <td>94.5</td>\n",
       "      <td>1013.5</td>\n",
       "      <td>764.5</td>\n",
       "    </tr>\n",
       "    <tr>\n",
       "      <th>1</th>\n",
       "      <td>4.0002</td>\n",
       "      <td>10514.5</td>\n",
       "      <td>516.5</td>\n",
       "      <td>277.5</td>\n",
       "      <td>94.5</td>\n",
       "      <td>1014.5</td>\n",
       "      <td>764.5</td>\n",
       "    </tr>\n",
       "    <tr>\n",
       "      <th>2</th>\n",
       "      <td>4.0003</td>\n",
       "      <td>10513.5</td>\n",
       "      <td>515.5</td>\n",
       "      <td>276.5</td>\n",
       "      <td>93.5</td>\n",
       "      <td>1013.5</td>\n",
       "      <td>763.5</td>\n",
       "    </tr>\n",
       "    <tr>\n",
       "      <th>3</th>\n",
       "      <td>4.0004</td>\n",
       "      <td>10511.5</td>\n",
       "      <td>514.5</td>\n",
       "      <td>275.5</td>\n",
       "      <td>93.5</td>\n",
       "      <td>1012.5</td>\n",
       "      <td>762.5</td>\n",
       "    </tr>\n",
       "    <tr>\n",
       "      <th>4</th>\n",
       "      <td>4.0005</td>\n",
       "      <td>10514.5</td>\n",
       "      <td>515.5</td>\n",
       "      <td>277.5</td>\n",
       "      <td>94.5</td>\n",
       "      <td>1014.5</td>\n",
       "      <td>765.0</td>\n",
       "    </tr>\n",
       "    <tr>\n",
       "      <th>...</th>\n",
       "      <td>...</td>\n",
       "      <td>...</td>\n",
       "      <td>...</td>\n",
       "      <td>...</td>\n",
       "      <td>...</td>\n",
       "      <td>...</td>\n",
       "      <td>...</td>\n",
       "    </tr>\n",
       "    <tr>\n",
       "      <th>9995</th>\n",
       "      <td>4.9996</td>\n",
       "      <td>10509.5</td>\n",
       "      <td>512.5</td>\n",
       "      <td>279.5</td>\n",
       "      <td>102.5</td>\n",
       "      <td>1010.0</td>\n",
       "      <td>760.5</td>\n",
       "    </tr>\n",
       "    <tr>\n",
       "      <th>9996</th>\n",
       "      <td>4.9997</td>\n",
       "      <td>10517.5</td>\n",
       "      <td>521.5</td>\n",
       "      <td>285.5</td>\n",
       "      <td>106.5</td>\n",
       "      <td>1018.0</td>\n",
       "      <td>768.5</td>\n",
       "    </tr>\n",
       "    <tr>\n",
       "      <th>9997</th>\n",
       "      <td>4.9998</td>\n",
       "      <td>10513.0</td>\n",
       "      <td>516.5</td>\n",
       "      <td>282.5</td>\n",
       "      <td>104.5</td>\n",
       "      <td>1013.5</td>\n",
       "      <td>764.5</td>\n",
       "    </tr>\n",
       "    <tr>\n",
       "      <th>9998</th>\n",
       "      <td>4.9999</td>\n",
       "      <td>10510.0</td>\n",
       "      <td>515.5</td>\n",
       "      <td>279.5</td>\n",
       "      <td>102.5</td>\n",
       "      <td>1010.5</td>\n",
       "      <td>761.5</td>\n",
       "    </tr>\n",
       "    <tr>\n",
       "      <th>9999</th>\n",
       "      <td>5.0000</td>\n",
       "      <td>10503.0</td>\n",
       "      <td>505.5</td>\n",
       "      <td>273.5</td>\n",
       "      <td>99.5</td>\n",
       "      <td>1003.5</td>\n",
       "      <td>754.5</td>\n",
       "    </tr>\n",
       "  </tbody>\n",
       "</table>\n",
       "<p>10000 rows × 7 columns</p>\n",
       "</div>"
      ],
      "text/plain": [
       "product  timestamp  VOLCANIC_ROCK  R_10000  R_10250  R_10500  R_9500  R_9750\n",
       "0           4.0001        10514.0    516.0    277.5     94.5  1013.5   764.5\n",
       "1           4.0002        10514.5    516.5    277.5     94.5  1014.5   764.5\n",
       "2           4.0003        10513.5    515.5    276.5     93.5  1013.5   763.5\n",
       "3           4.0004        10511.5    514.5    275.5     93.5  1012.5   762.5\n",
       "4           4.0005        10514.5    515.5    277.5     94.5  1014.5   765.0\n",
       "...            ...            ...      ...      ...      ...     ...     ...\n",
       "9995        4.9996        10509.5    512.5    279.5    102.5  1010.0   760.5\n",
       "9996        4.9997        10517.5    521.5    285.5    106.5  1018.0   768.5\n",
       "9997        4.9998        10513.0    516.5    282.5    104.5  1013.5   764.5\n",
       "9998        4.9999        10510.0    515.5    279.5    102.5  1010.5   761.5\n",
       "9999        5.0000        10503.0    505.5    273.5     99.5  1003.5   754.5\n",
       "\n",
       "[10000 rows x 7 columns]"
      ]
     },
     "execution_count": 16,
     "metadata": {},
     "output_type": "execute_result"
    }
   ],
   "source": [
    "pivot = pivot.reset_index()\n",
    "pivot"
   ]
  },
  {
   "cell_type": "code",
   "execution_count": 17,
   "id": "569f3742",
   "metadata": {},
   "outputs": [],
   "source": [
    "pivot = pivot.sort_values(by='timestamp', ascending=False)"
   ]
  },
  {
   "cell_type": "code",
   "execution_count": 18,
   "id": "9b5ab914",
   "metadata": {},
   "outputs": [
    {
     "data": {
      "text/html": [
       "<div>\n",
       "<style scoped>\n",
       "    .dataframe tbody tr th:only-of-type {\n",
       "        vertical-align: middle;\n",
       "    }\n",
       "\n",
       "    .dataframe tbody tr th {\n",
       "        vertical-align: top;\n",
       "    }\n",
       "\n",
       "    .dataframe thead th {\n",
       "        text-align: right;\n",
       "    }\n",
       "</style>\n",
       "<table border=\"1\" class=\"dataframe\">\n",
       "  <thead>\n",
       "    <tr style=\"text-align: right;\">\n",
       "      <th>product</th>\n",
       "      <th>timestamp</th>\n",
       "      <th>VOLCANIC_ROCK</th>\n",
       "      <th>R_10000</th>\n",
       "      <th>R_10250</th>\n",
       "      <th>R_10500</th>\n",
       "      <th>R_9500</th>\n",
       "      <th>R_9750</th>\n",
       "    </tr>\n",
       "  </thead>\n",
       "  <tbody>\n",
       "    <tr>\n",
       "      <th>9999</th>\n",
       "      <td>5.0000</td>\n",
       "      <td>10503.0</td>\n",
       "      <td>505.5</td>\n",
       "      <td>273.5</td>\n",
       "      <td>99.5</td>\n",
       "      <td>1003.5</td>\n",
       "      <td>754.5</td>\n",
       "    </tr>\n",
       "    <tr>\n",
       "      <th>9998</th>\n",
       "      <td>4.9999</td>\n",
       "      <td>10510.0</td>\n",
       "      <td>515.5</td>\n",
       "      <td>279.5</td>\n",
       "      <td>102.5</td>\n",
       "      <td>1010.5</td>\n",
       "      <td>761.5</td>\n",
       "    </tr>\n",
       "    <tr>\n",
       "      <th>9997</th>\n",
       "      <td>4.9998</td>\n",
       "      <td>10513.0</td>\n",
       "      <td>516.5</td>\n",
       "      <td>282.5</td>\n",
       "      <td>104.5</td>\n",
       "      <td>1013.5</td>\n",
       "      <td>764.5</td>\n",
       "    </tr>\n",
       "    <tr>\n",
       "      <th>9996</th>\n",
       "      <td>4.9997</td>\n",
       "      <td>10517.5</td>\n",
       "      <td>521.5</td>\n",
       "      <td>285.5</td>\n",
       "      <td>106.5</td>\n",
       "      <td>1018.0</td>\n",
       "      <td>768.5</td>\n",
       "    </tr>\n",
       "    <tr>\n",
       "      <th>9995</th>\n",
       "      <td>4.9996</td>\n",
       "      <td>10509.5</td>\n",
       "      <td>512.5</td>\n",
       "      <td>279.5</td>\n",
       "      <td>102.5</td>\n",
       "      <td>1010.0</td>\n",
       "      <td>760.5</td>\n",
       "    </tr>\n",
       "    <tr>\n",
       "      <th>...</th>\n",
       "      <td>...</td>\n",
       "      <td>...</td>\n",
       "      <td>...</td>\n",
       "      <td>...</td>\n",
       "      <td>...</td>\n",
       "      <td>...</td>\n",
       "      <td>...</td>\n",
       "    </tr>\n",
       "    <tr>\n",
       "      <th>4</th>\n",
       "      <td>4.0005</td>\n",
       "      <td>10514.5</td>\n",
       "      <td>515.5</td>\n",
       "      <td>277.5</td>\n",
       "      <td>94.5</td>\n",
       "      <td>1014.5</td>\n",
       "      <td>765.0</td>\n",
       "    </tr>\n",
       "    <tr>\n",
       "      <th>3</th>\n",
       "      <td>4.0004</td>\n",
       "      <td>10511.5</td>\n",
       "      <td>514.5</td>\n",
       "      <td>275.5</td>\n",
       "      <td>93.5</td>\n",
       "      <td>1012.5</td>\n",
       "      <td>762.5</td>\n",
       "    </tr>\n",
       "    <tr>\n",
       "      <th>2</th>\n",
       "      <td>4.0003</td>\n",
       "      <td>10513.5</td>\n",
       "      <td>515.5</td>\n",
       "      <td>276.5</td>\n",
       "      <td>93.5</td>\n",
       "      <td>1013.5</td>\n",
       "      <td>763.5</td>\n",
       "    </tr>\n",
       "    <tr>\n",
       "      <th>1</th>\n",
       "      <td>4.0002</td>\n",
       "      <td>10514.5</td>\n",
       "      <td>516.5</td>\n",
       "      <td>277.5</td>\n",
       "      <td>94.5</td>\n",
       "      <td>1014.5</td>\n",
       "      <td>764.5</td>\n",
       "    </tr>\n",
       "    <tr>\n",
       "      <th>0</th>\n",
       "      <td>4.0001</td>\n",
       "      <td>10514.0</td>\n",
       "      <td>516.0</td>\n",
       "      <td>277.5</td>\n",
       "      <td>94.5</td>\n",
       "      <td>1013.5</td>\n",
       "      <td>764.5</td>\n",
       "    </tr>\n",
       "  </tbody>\n",
       "</table>\n",
       "<p>10000 rows × 7 columns</p>\n",
       "</div>"
      ],
      "text/plain": [
       "product  timestamp  VOLCANIC_ROCK  R_10000  R_10250  R_10500  R_9500  R_9750\n",
       "9999        5.0000        10503.0    505.5    273.5     99.5  1003.5   754.5\n",
       "9998        4.9999        10510.0    515.5    279.5    102.5  1010.5   761.5\n",
       "9997        4.9998        10513.0    516.5    282.5    104.5  1013.5   764.5\n",
       "9996        4.9997        10517.5    521.5    285.5    106.5  1018.0   768.5\n",
       "9995        4.9996        10509.5    512.5    279.5    102.5  1010.0   760.5\n",
       "...            ...            ...      ...      ...      ...     ...     ...\n",
       "4           4.0005        10514.5    515.5    277.5     94.5  1014.5   765.0\n",
       "3           4.0004        10511.5    514.5    275.5     93.5  1012.5   762.5\n",
       "2           4.0003        10513.5    515.5    276.5     93.5  1013.5   763.5\n",
       "1           4.0002        10514.5    516.5    277.5     94.5  1014.5   764.5\n",
       "0           4.0001        10514.0    516.0    277.5     94.5  1013.5   764.5\n",
       "\n",
       "[10000 rows x 7 columns]"
      ]
     },
     "execution_count": 18,
     "metadata": {},
     "output_type": "execute_result"
    }
   ],
   "source": [
    "pivot"
   ]
  },
  {
   "cell_type": "code",
   "execution_count": 19,
   "id": "3a056969",
   "metadata": {},
   "outputs": [],
   "source": [
    "strike_cols = [col for col in pivot.columns if col.startswith('R')]\n",
    "strikes = [int(col.split('_')[1]) for col in strike_cols]"
   ]
  },
  {
   "cell_type": "code",
   "execution_count": 21,
   "id": "7c818c38",
   "metadata": {},
   "outputs": [
    {
     "data": {
      "text/html": [
       "<div>\n",
       "<style scoped>\n",
       "    .dataframe tbody tr th:only-of-type {\n",
       "        vertical-align: middle;\n",
       "    }\n",
       "\n",
       "    .dataframe tbody tr th {\n",
       "        vertical-align: top;\n",
       "    }\n",
       "\n",
       "    .dataframe thead th {\n",
       "        text-align: right;\n",
       "    }\n",
       "</style>\n",
       "<table border=\"1\" class=\"dataframe\">\n",
       "  <thead>\n",
       "    <tr style=\"text-align: right;\">\n",
       "      <th>product</th>\n",
       "      <th>timestamp</th>\n",
       "      <th>VOLCANIC_ROCK</th>\n",
       "      <th>R_10000</th>\n",
       "      <th>R_10250</th>\n",
       "      <th>R_10500</th>\n",
       "      <th>R_9500</th>\n",
       "      <th>R_9750</th>\n",
       "      <th>m_10000</th>\n",
       "      <th>m_10250</th>\n",
       "      <th>m_10500</th>\n",
       "      <th>m_9500</th>\n",
       "      <th>m_9750</th>\n",
       "    </tr>\n",
       "  </thead>\n",
       "  <tbody>\n",
       "    <tr>\n",
       "      <th>9999</th>\n",
       "      <td>5.0000</td>\n",
       "      <td>10503.0</td>\n",
       "      <td>505.5</td>\n",
       "      <td>273.5</td>\n",
       "      <td>99.5</td>\n",
       "      <td>1003.5</td>\n",
       "      <td>754.5</td>\n",
       "      <td>-0.021947</td>\n",
       "      <td>-0.010905</td>\n",
       "      <td>-0.000128</td>\n",
       "      <td>-0.044886</td>\n",
       "      <td>-0.033270</td>\n",
       "    </tr>\n",
       "    <tr>\n",
       "      <th>9998</th>\n",
       "      <td>4.9999</td>\n",
       "      <td>10510.0</td>\n",
       "      <td>515.5</td>\n",
       "      <td>279.5</td>\n",
       "      <td>102.5</td>\n",
       "      <td>1010.5</td>\n",
       "      <td>761.5</td>\n",
       "      <td>-0.022246</td>\n",
       "      <td>-0.011203</td>\n",
       "      <td>-0.000426</td>\n",
       "      <td>-0.045185</td>\n",
       "      <td>-0.033568</td>\n",
       "    </tr>\n",
       "    <tr>\n",
       "      <th>9997</th>\n",
       "      <td>4.9998</td>\n",
       "      <td>10513.0</td>\n",
       "      <td>516.5</td>\n",
       "      <td>282.5</td>\n",
       "      <td>104.5</td>\n",
       "      <td>1013.5</td>\n",
       "      <td>764.5</td>\n",
       "      <td>-0.022373</td>\n",
       "      <td>-0.011330</td>\n",
       "      <td>-0.000553</td>\n",
       "      <td>-0.045313</td>\n",
       "      <td>-0.033696</td>\n",
       "    </tr>\n",
       "    <tr>\n",
       "      <th>9996</th>\n",
       "      <td>4.9997</td>\n",
       "      <td>10517.5</td>\n",
       "      <td>521.5</td>\n",
       "      <td>285.5</td>\n",
       "      <td>106.5</td>\n",
       "      <td>1018.0</td>\n",
       "      <td>768.5</td>\n",
       "      <td>-0.022565</td>\n",
       "      <td>-0.011522</td>\n",
       "      <td>-0.000745</td>\n",
       "      <td>-0.045505</td>\n",
       "      <td>-0.033888</td>\n",
       "    </tr>\n",
       "    <tr>\n",
       "      <th>9995</th>\n",
       "      <td>4.9996</td>\n",
       "      <td>10509.5</td>\n",
       "      <td>512.5</td>\n",
       "      <td>279.5</td>\n",
       "      <td>102.5</td>\n",
       "      <td>1010.0</td>\n",
       "      <td>760.5</td>\n",
       "      <td>-0.022225</td>\n",
       "      <td>-0.011182</td>\n",
       "      <td>-0.000404</td>\n",
       "      <td>-0.045165</td>\n",
       "      <td>-0.033548</td>\n",
       "    </tr>\n",
       "    <tr>\n",
       "      <th>...</th>\n",
       "      <td>...</td>\n",
       "      <td>...</td>\n",
       "      <td>...</td>\n",
       "      <td>...</td>\n",
       "      <td>...</td>\n",
       "      <td>...</td>\n",
       "      <td>...</td>\n",
       "      <td>...</td>\n",
       "      <td>...</td>\n",
       "      <td>...</td>\n",
       "      <td>...</td>\n",
       "      <td>...</td>\n",
       "    </tr>\n",
       "    <tr>\n",
       "      <th>4</th>\n",
       "      <td>4.0005</td>\n",
       "      <td>10514.5</td>\n",
       "      <td>515.5</td>\n",
       "      <td>277.5</td>\n",
       "      <td>94.5</td>\n",
       "      <td>1014.5</td>\n",
       "      <td>765.0</td>\n",
       "      <td>-0.025084</td>\n",
       "      <td>-0.012738</td>\n",
       "      <td>-0.000690</td>\n",
       "      <td>-0.050729</td>\n",
       "      <td>-0.037742</td>\n",
       "    </tr>\n",
       "    <tr>\n",
       "      <th>3</th>\n",
       "      <td>4.0004</td>\n",
       "      <td>10511.5</td>\n",
       "      <td>514.5</td>\n",
       "      <td>275.5</td>\n",
       "      <td>93.5</td>\n",
       "      <td>1012.5</td>\n",
       "      <td>762.5</td>\n",
       "      <td>-0.024941</td>\n",
       "      <td>-0.012595</td>\n",
       "      <td>-0.000547</td>\n",
       "      <td>-0.050587</td>\n",
       "      <td>-0.037599</td>\n",
       "    </tr>\n",
       "    <tr>\n",
       "      <th>2</th>\n",
       "      <td>4.0003</td>\n",
       "      <td>10513.5</td>\n",
       "      <td>515.5</td>\n",
       "      <td>276.5</td>\n",
       "      <td>93.5</td>\n",
       "      <td>1013.5</td>\n",
       "      <td>763.5</td>\n",
       "      <td>-0.025037</td>\n",
       "      <td>-0.012691</td>\n",
       "      <td>-0.000642</td>\n",
       "      <td>-0.050682</td>\n",
       "      <td>-0.037695</td>\n",
       "    </tr>\n",
       "    <tr>\n",
       "      <th>1</th>\n",
       "      <td>4.0002</td>\n",
       "      <td>10514.5</td>\n",
       "      <td>516.5</td>\n",
       "      <td>277.5</td>\n",
       "      <td>94.5</td>\n",
       "      <td>1014.5</td>\n",
       "      <td>764.5</td>\n",
       "      <td>-0.025084</td>\n",
       "      <td>-0.012738</td>\n",
       "      <td>-0.000690</td>\n",
       "      <td>-0.050730</td>\n",
       "      <td>-0.037743</td>\n",
       "    </tr>\n",
       "    <tr>\n",
       "      <th>0</th>\n",
       "      <td>4.0001</td>\n",
       "      <td>10514.0</td>\n",
       "      <td>516.0</td>\n",
       "      <td>277.5</td>\n",
       "      <td>94.5</td>\n",
       "      <td>1013.5</td>\n",
       "      <td>764.5</td>\n",
       "      <td>-0.025061</td>\n",
       "      <td>-0.012715</td>\n",
       "      <td>-0.000666</td>\n",
       "      <td>-0.050707</td>\n",
       "      <td>-0.037720</td>\n",
       "    </tr>\n",
       "  </tbody>\n",
       "</table>\n",
       "<p>10000 rows × 12 columns</p>\n",
       "</div>"
      ],
      "text/plain": [
       "product  timestamp  VOLCANIC_ROCK  R_10000  R_10250  R_10500  R_9500  R_9750  \\\n",
       "9999        5.0000        10503.0    505.5    273.5     99.5  1003.5   754.5   \n",
       "9998        4.9999        10510.0    515.5    279.5    102.5  1010.5   761.5   \n",
       "9997        4.9998        10513.0    516.5    282.5    104.5  1013.5   764.5   \n",
       "9996        4.9997        10517.5    521.5    285.5    106.5  1018.0   768.5   \n",
       "9995        4.9996        10509.5    512.5    279.5    102.5  1010.0   760.5   \n",
       "...            ...            ...      ...      ...      ...     ...     ...   \n",
       "4           4.0005        10514.5    515.5    277.5     94.5  1014.5   765.0   \n",
       "3           4.0004        10511.5    514.5    275.5     93.5  1012.5   762.5   \n",
       "2           4.0003        10513.5    515.5    276.5     93.5  1013.5   763.5   \n",
       "1           4.0002        10514.5    516.5    277.5     94.5  1014.5   764.5   \n",
       "0           4.0001        10514.0    516.0    277.5     94.5  1013.5   764.5   \n",
       "\n",
       "product   m_10000   m_10250   m_10500    m_9500    m_9750  \n",
       "9999    -0.021947 -0.010905 -0.000128 -0.044886 -0.033270  \n",
       "9998    -0.022246 -0.011203 -0.000426 -0.045185 -0.033568  \n",
       "9997    -0.022373 -0.011330 -0.000553 -0.045313 -0.033696  \n",
       "9996    -0.022565 -0.011522 -0.000745 -0.045505 -0.033888  \n",
       "9995    -0.022225 -0.011182 -0.000404 -0.045165 -0.033548  \n",
       "...           ...       ...       ...       ...       ...  \n",
       "4       -0.025084 -0.012738 -0.000690 -0.050729 -0.037742  \n",
       "3       -0.024941 -0.012595 -0.000547 -0.050587 -0.037599  \n",
       "2       -0.025037 -0.012691 -0.000642 -0.050682 -0.037695  \n",
       "1       -0.025084 -0.012738 -0.000690 -0.050730 -0.037743  \n",
       "0       -0.025061 -0.012715 -0.000666 -0.050707 -0.037720  \n",
       "\n",
       "[10000 rows x 12 columns]"
      ]
     },
